1.1515176453767335
-2.1102136485660545
-2.2206182511028083
-1.146555117469565
1.0696193649113623
0.4047598381455988
1.1407642925208734
-2.1648944594844073
0.031628232469074764
0.04002186386795445
-0.7336473673723106
0.17714991930148677
0.4139380279205366
2.857780768254371
0.20630089983633784
1.1660892769515603
0.8455472003868735
0.1366896951407114
-0.6201134381472985
-1.180107860083725
-0.6500841630793378
0.9174246135602611
1.4356466953348872
-0.4650383825263115
-1.6895046614304359
0.40055602393388345
0.7989940916340891
-1.4642676580050016
-0.24480068865386037
-0.04301258469607971
0.7507835030250195
-0.9396925896574845
1.1419497594798957
-0.3128836234490744
-0.8347076709712583
-1.3720561158922098
-1.1609526666687624
0.7940375722328776
-1.986359233196033
0.5943478749239194
0.6031196043957305
-1.9876290578733369
0.23015615205018203
0.8725322186890188
-1.6197919722485925
2.0054887219090993
-0.375004243325946
-2.003540825585795
-0.0753566391907918
-1.2787582701698446
0.7525583354521556
-1.8846421800477373
-0.39344693395017294
-0.297612546973386
-0.7574268058920508
0.3264994902276756
-1.5288022475208156
0.7416829426121286
1.1528904711571377
-1.9131116997290745
0.1984548457656253
-0.6096100079875086
-0.5158134577865852
-0.8772835039281849
-0.6360128354330249
-0.13798774810944892
2.427790656187903
0.5244787509720776
0.22889170007802198
-0.11292100174482073
-0.4238705542255993
1.1406575908235272
-0.43310721644757033
0.9720256622233224
-0.20594961250117505
-0.6849264408748106
-1.1937757478988158
-0.6976857250574872
-0.8268995096021974
-0.42956539002785626
-0.8022100880966938
0.4562193307463337
0.9560889095907105
-1.7653549800229003
0.6859414450747
1.1705301728419164
-0.7587511442975357
-1.0117302769181404
0.20583956195425657
-0.5409657849345124
-1.2275232651194163
1.9864852997290656
-0.8849652798681132
-0.11280477439095779
-0.09771206989507344
0.3000480380384896
0.5466302677544664
-0.13626165350072314
0.9575120890802424
-0.2484658850616356
-1.5720589613994513
-0.8009639573102826
-0.5279995032337229
0.6496812965533784
-1.6983643775716675
-0.7921210662814422
0.21333351558169134
-0.09578800409581889
-0.5196664391925248
0.1585479898618629
-0.5931777920182336
-1.1521118570285682
-0.9934639941133174
1.1049775895934144
0.0581664685219807
1.088266346895922
0.8275573644781337
-0.8505500170070295
0.9020338361031227
-1.873040933810424
1.492433223651208
0.5576437969326927
-0.06479521747720339
0.8645928957272917
0.09871285709428432
0.10541924512835317
0.24425668407926482
-1.7078225659574136
-0.3401850517873575
0.26305095937701434
0.6540685245939729
1.2152783514559922
1.5348602159643687
-0.27826158443461046
-0.9788571069042359
-1.3188019615413553
0.9239363899066433
0.24028458152946497
-0.9771667300940999
2.3909175486546146
0.6840876413295935
1.994025390476153
-2.2664155073811725
-0.3885190650195044
-0.7431924712622929
1.0025979805702583
0.9834606688264393
1.7769970305778338
2.303927385057557
1.978432994953348
0.28278576197135624
-0.23457015598113004
-0.9687624678574934
-0.23176621883911688
-0.5659159496393412
0.18401168902157686
-0.13892084896118204
-0.6372574215322095
1.3486670581427171
-0.03691896359506257
-0.5256910752493965
-0.30840639565046757
0.7428696739562924
-0.4457525708979234
1.076342716346324
0.846557088539315
-0.5031939798465179
-1.1974155791176957
-1.3880281404190475
0.5485412206665223
-0.807587576082051
1.2274253763819816
0.6769592329200739
-0.3405807965754628
0.24269640897221736
-0.36573067633190554
0.47057402844088636
0.3474779180464738
0.5737662421004127
0.7470467559283166
-0.24975889341662508
0.9575653458931812
-0.6790449732620615
1.32500940302257
-1.158184010543563
0.8542340718625309
0.7886775062446465
-1.5021255584501907
0.5360138310878212
-1.660303533952412
0.13026366877907308
1.6585414175720588
2.3349340171149433
-0.6918871080441196
0.738878025951313
1.6024244892198627
-0.36311019882748036
-0.17786229378858878
-0.4207522065747359
-0.6033507949405325
-0.07137865677339895
-0.7184084582112412
1.8646081659237481
-0.0794958577913311
1.6931050483818242
-0.12439925642409176
0.9028094856023617
-2.5963820540224756
-1.0774877727010357
1.4568727071679566
-1.7006711879473284
1.754479722894406
1.1749620291191691
0.03398503619788559
0.03264576273664269
-0.8406187951700778
-0.24077105651560615
-0.5485971635607018
-0.4529766850134382
1.014283784126198
-1.0154866216126266
-0.516478407510596
0.7182052663064913
-0.4637249717352251
0.1995294673984059
1.1733686687679254
0.12158459617699284
-0.6503201745388549
0.1334706904165666
-1.6871193093786037
1.1770172102099925
-0.26768619523032045
0.32083801556533936
0.3042094049832624
0.7986119073616433
-0.31267539101834957
0.4683030762244085
0.29768963852594715
0.9293034133364348
0.27677046541011935
2.37547265847924
-0.2735840427739216
0.6191214639347148
1.056882557665477
0.1175759451719081
0.5561689742653954
-0.8056155257084837
1.4946526633481567
-0.9587139348605066
0.7950472526252224
1.7254032679136986
0.8708802761653378
0.4134308215330423
-1.1945446898377141
1.1844853014033878
0.17749339708695672
-1.0034938242669331
1.0660080708851698
-0.6290857632025096
-0.5846397133496668
0.9637213557329489
-0.4714952242092909
1.276408724119186
0.6915812997628921
1.765437114776457
1.1878671197580126
0.4153854360186238
-1.652391135803496
0.1674897412801453
1.2432537638953038
-0.421863931017698
-0.40971179348442377
0.9654286197673152
0.03910161134410086
-0.5587886855031334
-0.6452321775712493
-0.20659181295068105
-1.3172171082882862
0.20110002753750317
0.6176024562861121
-0.27830198830965575
2.5544977493367083
0.40874259269439084
0.575322117581129
-1.3182331975129609
0.7332204138899037
-1.8124732147383638
-1.7593358552415357
-0.7369519982711046
0.026430777032335203
-1.1586833505358192
0.7008548682083157
0.5454546926426213
-2.1503683213716855
-1.8083451524046212
-0.5673605732806117
-1.2688725697790872
1.7800234927822343
0.5599654029780194
-2.4286248043833836
0.5365864396729925
1.2890558214241223
0.668563994832503
0.866270469441358
0.3485676683144119
0.2914631714927713
-0.38476115460981997
-0.33406007637358465
2.9068853936124244
-0.4981128125071118
-1.1321221805241721
-0.27915023924048515
0.6200059889691814
-0.19391735930772974
0.45481184323186474
-0.14905810061927804
0.7273325634884416
-0.6809035731647717
0.04435634950724785
-0.3757505346472896
0.7058108132328972
-0.6053008885731611
1.101031702591352
1.2319055769113256
-1.8676572476976345
0.79645050374315
0.5796513686818386
1.4447280831520297
0.10060096197521877
0.004088540828151697
1.125794716928984
-0.0432648568854429
-0.13845815885538126
-0.23360997672382933
0.03406199413664679
1.037758554826004
-1.6128834880083553
0.3810888171442929
0.6645577677329374
-0.17121072330468246
1.057122700846488
-1.5638563963095715
0.13135704006336069
-0.8266250677417256
0.6665878458038
-0.5213584806331613
1.042884352779891
0.1603954082661243
-1.0452479109302004
-0.966194845515285
0.5800429707822514
-0.4006302011565929
-0.38383741235881824
0.08673990238471131
0.2569146991210192
-0.5741694016067236
1.8424985111091832
-1.3491683549821791
-0.6119767445485323
-0.6948118835397927
-1.838829139834272
-1.3461359476032815
-0.014771214927928912
-0.8053348534714654
-0.7926670365864307
0.6995224901093836
-0.3720497842620262
-0.45857996986608573
-1.1346208423651556
-0.801615880934638
-1.7274820582775454
-1.017941825946081
0.6953217372334954
0.9369807916521363
-0.8298711927745456
-0.11511858610563397
1.475876785918105
-0.7007704177175426
1.1770839722568567
-0.23622261892105476
-1.8270626868937505
0.8990675434015393
1.7795560505328618
-1.8030508600026751
-0.10900655756463332
1.3220196288181558
-0.9427398008205753
0.4292312852497212
-0.310807540963406
0.023423836634328853
-0.3307691314918158
-0.05766616102869563
0.3136958552171513
0.3988042731015443
-1.5564166736252327
0.1719502320677755
1.0477601350923602
-1.8141504844963516
-0.0009839048498150901
-0.5170705665483958
0.3801010987747304
2.452365911427743
0.13412589650623738
-1.7744177417744722
0.12269784556978662
-0.3659783165992351
-0.16316867630638138
-1.1653281077401216
-0.890143703944642
0.4864318424868141
2.3801370190277344
0.25706262777712696
-0.1284674577245913
-1.6337306558158908
-0.45730702512072124
-0.5055943120318973
-0.07121870177333961
0.4250658058745251
-1.1199373083451436
-0.5809201753057659
-0.8341154692586455
2.2927557338650573
-0.2768648210925103
-0.43066748371462765
0.07426891904134271
0.8339402165420179
1.7494487086172164
1.1754195229112518
-2.120383533901787
0.17186821290107254
0.5461061849086206
-0.29199729290331505
-0.0624224859746808
0.12264306630576471
-0.3036721347589655
0.9991804414650435
-1.2189813472683182
0.8243938108156125
2.00560723163178
1.053753919225817
0.007311023572065613
0.9085793853254434
1.892204706793836
2.163486934347847
1.861288327134575
0.7319665405865368
-0.40386354210648534
-0.049495784097618754
0.46064714299115533
-0.5224512519764329
-2.4530295699719273
-1.0354556117791667
-0.21488966234017065
-1.2355191843270674
-0.19730044194260524
0.543014798090338
0.9999875669587044
1.8859988340668425
0.29306657720242063
-0.5572952786238887
0.8480146566812137
0.8488605501093012
-0.21057020801707507
0.037870028228716664
-0.8655542756025217
0.19211220275663954
-0.5248827007167012
-0.6880441575304455
-0.5975535557566801
1.7530513317969336
-1.084951639822986
-1.8843743301105458
0.6512814548888088
-1.3998433804945234
-1.4846027307172645
-0.5710627695908742
-1.8253484883331548
0.8100159557852185
0.6166587669837856
-1.0615609189016664
0.5034625206999259
-0.23910668952766573
2.482857356622842
-1.9317670361863413
-1.4425244480176667
1.8895668829443932
-1.942500852901919
0.7287411455055861
0.5127018188570454
1.3553406611883405
1.0212496038127639
-2.0574864401383373
-1.236499774307174
-0.13176377930490765
-0.5527378405672211
1.0465957743600431
0.13457579324104152
-0.801775840005843
-0.0856326524862698
0.7454469328326739
-0.6038160330998935
0.517324172161925
2.8276320339901426
-0.020369795852809895
-0.5666874334486106
-1.7125097820689141
0.03493440270658402
0.1788162609212962
2.305903485883685
0.1053805440485996
0.22258637212358218
1.2075329299872162
0.1486837145614552
1.877530408014386
0.34250125053920616
0.5794758726094872
-0.4252508765883575
0.4352975778788197
-0.23098796638858746
-0.8672917955134688
0.9870854629068131
-1.2485869041396356
0.1548010788078425
-1.7111039113865136
0.8259458253012717
0.29568531741205634
-0.6777609007521538
1.0564143847669338
-0.29066223709560923
0.08445413197993618
0.20472368974456007
0.5943533317649864
0.24023924390144594
-0.43203663416383625
0.9515016215737182
-1.8235606177324057
-0.8538637452883628
-0.563484512294711
1.2308902550846188
-0.28971315533284553
1.1072455621188353
-1.5121475084251665
-0.4812621820676966
2.197329788139248
-0.35245691760741893
-1.2844488350547234
-0.17088536822619702
-1.5150271033990952
-0.3707832994157349
-0.5726523171959583
0.24916866223114598
1.0360788906942031
-0.025066974093693108
0.47123366938518546
0.480105562892888
-0.3043018443761698
2.268180544369595
1.5071143734547747
0.8736978452460031
-0.8492751619419392
-1.6866478725188725
0.670221947772057
2.4009801262165134
-0.016294646123479677
-1.2415776417175217
1.4342563254285676
1.5747643243807736
1.4613147917663591
0.505185675680006
0.5010557711208669
0.4765976415272377
0.4558552708394937
0.38414725285600326
-0.9754201359322369
1.905786100802467
0.10558998201371256
1.814707957747449
-0.6777834675983363
0.17550672514165497
-0.9422628078179235
-1.1338552266436441
0.18842005900257275
1.1336183523388885
-0.3456858622486738
-0.659030898704675
0.38168347582646794
-0.1922416191267915
0.554457763683006
-0.8369247077878961
0.5895965899964761
1.022041114872344
-2.376700222005446
-0.5161187496350743
-1.244044289873012
1.0229557863825534
0.2139535252336032
0.3586138728374811
0.9685033909047472
-0.23406096119717068
-0.34233698688796615
1.1520654407082973
0.9715775000057204
0.05881664981791769
0.8029419449528842
0.6208556927836693
-0.648454858092412
0.3244944345791613
0.47488316935216884
0.7476752513132167
0.6370854593785205
-1.06028257459295
-0.6443213056942307
-0.04693192091287355
-0.9552149769336178
0.2639916867663505
0.038960188297806043
0.09205187504445175
2.5636803431917707
1.1347593393125746
-0.8194666072296066
0.565962390512652
1.7780588756158744
-2.3236177017663304
-1.873387267267908
-1.262861986834878
1.1025231055205074
0.27095435032313125
-1.2571347282829661
1.0056477097029783
1.7575435710881993
0.44472640151654946
-1.2793012432316795
-0.42379563851816904
0.41482824306949845
0.6227459863870454
0.829715578728984
-0.9087547046806628
1.5548492741761086
1.3121941584045431
-0.9661709392809552
-0.9955781231660641
0.5828735326583199
0.5081906039222143
0.9250082610046025
-0.07003552402690971
1.5191591848118018
0.8611117787783665
-1.2609633551055637
-0.9004404412483169
-0.9787083660291778
0.43938077863448577
1.59647361248658
-0.16780808704735764
-1.125263479062581
-0.23090725086036964
0.19967485827937276
2.277571082154981
0.823469168408036
-0.4186195035044666
-1.413430115063494
0.5405926355246944
-0.0645126728828448
0.8581218659677415
1.3206228106905638
1.5558538114583174
0.07252362628446189
1.7836414618385814
1.3803703303134325
1.621534033568018
-0.5577569730141624
-1.344080145014191
0.6813718287506605
-0.1457657131076274
0.17806902626696824
0.1793228672209751
0.07530904444702205
0.1534526939635335
-0.9527511504464709
-0.21837768928940196
0.5610033599569707
0.30167692365315746
0.36879039677017694
-0.7970772041423813
1.1100893768983437
-1.0181177486847435
1.619011335963455
0.6274206561431946
-0.5267088938514631
-2.0432246723209353
0.015419006232781205
0.17273704576267931
-0.2602748928609045
-1.4863590285708148
0.38416960810716955
-1.6171733181523238
0.6231768648816611
0.30982205868922646
-0.8168939279296084
0.10794938170341824
-0.4597487759359344
0.6620909264676627
-1.109532843205241
0.2099236814868948
-1.4431980739969843
0.20745518765095666
-1.6498583817785533
0.5378500824857975
0.6449382819672627
1.34164237580215
-2.243785134060904
0.8239650018607872
-0.11394335789730148
-1.2110466873184749
-0.09825452878228018
0.6159570999882542
0.04555451339637707
-1.1730557861411925
1.1439443098442903
-1.780647030096083
-0.0506615853915237
-0.835324293822826
0.2451529992228363
0.5774214077090201
0.12486631327041083
0.2609736005019359
1.3599155728009222
-0.7570685651853196
-1.3784098728162348
0.3687789258250334
-0.7153622714027369
-0.09059729867415116
-1.1042012613489542
-1.3709319884905071
-0.3727729612579321
-0.07873824445163988
-0.3164614453746752
0.49854649388535394
-0.2065839393790712
-2.331392184462608
0.14248010942886072
1.2154817040292685
0.45031100813734143
0.5895154342049832
0.565797680477896
-2.143956994126254
-0.8912552719227971
-1.8549314509751933
1.5651059642734728
-1.7965936014519486
-1.4856622522847496
0.39014879512274203
-0.21590694449748551
0.61502509974821
-0.457691869943758
0.9510413649752938
-0.3992065798610156
-0.3634450730233482
-2.112937006309951
-0.08890786073582026
1.7724643734429943
0.09864313036029894
-0.862383682076596
1.1359753772862264
1.3799419953352012
0.19836959308986102
0.5907946029812468
-1.3548916762561525
-1.4791497916618157
0.508940380688481
2.2141244483541076
0.5189884897800414
0.43062213428504037
-1.427860263988176
-2.0747919896147624
-1.5838142940891498
0.2773514201453823
-0.26935224278678616
-0.3924973122648726
2.234070628420626
-0.8045432522695054
0.12306335238229447
0.4910902591472278
-0.3182770349991234
0.6004552663456422
0.6329380032685834
-0.7235874743842442
-0.3440611916358984
-0.5542564638148674
-0.34790884322104065
-0.04568596405387995
-0.804504288805934
-0.718977348390432
-1.6144754670551402
1.3959595196292152
2.0833340037029857
1.6702678322421556
-0.03512824964980238
-1.8634468945949232
-0.6043045583053379
0.5921708993653568
0.1913896159097239
0.6144340298820863
0.47820440587330426
-0.17648024581613592
-0.5553212326073218
-0.6411665161200061
1.1273543542077442
-0.025456362451829716
0.599255273261263
0.7640107205685563
1.9107821840391959
0.09058502620650893
-0.09661662989934874
-1.1670004876975093
-0.25957033615303743
-1.838293018702614
-0.6639853206767616
0.7755202972773801
0.7310528490369684
0.34014188113268257
1.8495891778977824
-1.0621462858390467
0.759747111515832
-1.0897427232215622
-0.3249156759094269
0.43694517532246846
-1.7828036244640706
-1.2320021080494772
-0.8921532704321061
-0.6335125293621008
-0.5271543994636045
-0.7438743465572621
1.5824840563393228
-1.5505264019701333
-1.0803313378013204
1.4937188211503483
-1.7769776369543222
1.4835569227502954
1.6256938542921755
1.0779747269446245
-0.6579753869795436
1.0253085646196212
-0.12503521797253284
-0.3392490498644586
0.7201571781495861
-1.051802414434637
-1.7553656733730496
-0.5332109776016322
0.23118214610633425
-0.19999517018794918
0.852549690404375
-0.15633772671198837
0.6196206034781335
1.4141931840605322
-1.1607897845677073
-0.7567716203205253
-0.23757086203263758
-0.360857019505293
1.2562696304198375
1.62476799508508
-2.351731608383961
-0.8876949138991361
0.5938896129315856
1.3043362650028847
0.11438467638849723
0.9690208342831241
0.24329719296760058
-0.3610667318849439
-0.26219033468868336
1.2612047882082027
0.697364238633546
-0.2739075524017356
2.2060548664531088
-0.01613763194690249
-2.427555104621812
-1.7601422214022213
-1.4098609931058481
1.482408782433964
-1.4742623030401183
1.3224938327980444
-1.1977965303092832
-0.7730750697347643
-0.07049642269204097
-0.9320285073452916
-1.495159496002142
0.5400088445683869
-1.1189201544028908
0.28744885298251044
0.9747627147273084
-1.2624991604994567
-0.09045858631145944
0.3577883028624997
-0.566311702724487
0.11766751019330363
-0.9246081799732675
-1.1069812517935582
-1.7781158339687377
-0.17165888140708127
-0.1993862439616002
0.25398177829153257
-0.7410832813158497
0.40711499237033744
0.024497284673346286
2.0072861244033344
0.6936510576650073
0.8424531549706855
-0.5076325995472039
0.179136181382524
-0.5509620375793898
-1.7311645272137175
0.19636017814322795
-1.4685673420980523
-0.45410451513894234
-2.2662032072893092
-0.17713608746762854
0.18733295428320498
-0.5412027139201937
0.05609907565929088
-1.732544123356492
-0.5119120530407749
0.9476388339315938
0.20873531448131943
0.4627229217147915
1.8335919227198338
0.2708207430892183
-0.12276706396453353
2.1996477368198035
-1.5361963356950206
-0.2201231524361383
0.7800643850723253
1.7865834444509685
-0.31395103985428774
-0.8017183445272645
-0.7393846227869079
-0.16528788814396167
1.6289822971214303
-0.4893101608393814
0.1484273162880318
-1.5292372765504887
-0.930111822471292
0.23565950756208692
-1.7060915178376443
1.5120620310145758
0.372561489540065
-0.3036240058291925
1.9485455758835502
0.95018055941114
0.3107799348455779
0.5412999485429673
0.5438781923065279
-0.9217550906130447
2.0684887107873497
-1.0928327777244826
0.4327259244373724
1.0283248587615508
-0.7300474700950665
-0.464544239810461
-0.8650312133237102
0.5792577094720588
-0.1896138255590306
-0.0010843635904366482
0.01079694876785491
0.24224529113342527
0.6347331878326676
1.6290342387182244
0.19978362811047076
-0.6404814658829823
-0.025061021817732284
-1.904475157357317
-1.2826317906220306
-1.338791540894713
0.44946028897711204
1.5729808430383283
0.0710800605404939
1.5921799784265913
0.6369777331703936
-0.5427307229761872
0.40954088239352315
0.7373515956019133
0.399254601614256
-0.20253916494050753
-0.04025485033015496
-0.435421038915381
0.23978618166613258
1.276420662285111
-1.3073539863680885
-0.8070987459892853
-1.4420152069502634
1.2564927902785994
0.7983102002759968
-0.8967199671183023
-1.2356431133056116
0.4085007365841431
0.8729838515955757
-0.7437961849272254
-0.6149556697901647
-1.763419778411506
0.6646374493033349
0.08666841476278382
-0.49369889957022756
-0.4192340996152666
-1.786118665271992
0.007011123554607214
0.37791252203708375
-1.462450697451575
0.1662705871249487
1.7619905922739112
-0.3137159340113547
0.6160008001114144
1.023186513908688
0.12677075997939677
0.7479724368473263
-1.094188798663691
1.193553649851422
1.4832336367761985
-0.8705107550863441
-0.09131713372199259
0.8078503916998836
-0.5793372015736744
1.3716460431768245
-0.7859799029524444
1.1580499922948133
-0.24157207293623126
-1.0053645443487913
